[[[0.9999999435596091, 0.0003320068504667484, -5.14998090536678e-05, 0.48039252216842127], [-0.00033200630843088774, 0.9999999448304296, 1.0533193961381748e-05, -0.4816022171766868], [5.150330330477848e-05, -1.051609510577256e-05, 0.9999999986184106, 0.7329954495460133]], [[0.9999999999999998, 1.9276025220449355e-11, 8.371636717185993e-12, -0.41890300438018974], [-1.9276302776205512e-11, 1.0, 7.857992034843164e-12, 0.682293405280588], [-8.371636717185993e-12, -7.857992034843164e-12, 1.0, -0.5991627341815161]], [[0.9999940317023768, 0.002010792713731835, 0.002809496803172551, 0.37671036189959944], [-0.0019967806043484915, 0.9999855994355966, -0.004981344060549953, -0.8855892522424793], [-0.002819472795174305, 0.0049757043816820445, 0.9999836463358105, -0.27170016479582687]], [[0.9999991979084631, 0.0006165271697413793, 0.0011063799888298975, 0.3907259036626772], [-0.0006141102744804394, 0.9999974275531216, -0.00218351911133563, -0.25999935288460424], [-0.0011077233415840992, 0.002182837920634728, 0.9999970040793175, 0.8830252571170154]], [[0.9999665406177629, -0.001804614909253724, -0.007978784993540489, 0.20362479913297976], [0.0018875798443682423, 0.9999441066104425, 0.010402917733739692, -0.45086757284075696], [0.007959565771760518, -0.010417630252275212, 0.9999140554530933, -0.8690542980382401]], [[0.999985002975729, 0.0054331235944220235, 0.0006891963719881933, -0.26919070119434163], [-0.005427159468441717, 0.9999501679432133, -0.008378995789686428, -0.80859571682701], [-0.0007346861476379973, 0.008375129751067245, 0.9999646580944337, -0.5231723741937379]]]